726
1421
9487
1519
12927
16350
5946
4819
7203
7137
2321
10577
9548
1593
13344
8138
9642
9630
6933
15916
14806
6249
15846
7281
8312
716
11289
9884
15395
15695
7742
13285
16326
2382
2524
7042
7805
16109
2637
1479
2743
56
1487
303
7862
12828
50
14946
10468
5109
10038
10374
8419
16507
7924
1845
5284
2209
7337
9168
9208
13241
11381
6570
11006
15020
16006
9984
7873
955
12256
6471
16647
14707
11484
15845
7392
8218
631
6004
14515
9596
13191
12314
14953
613
12492
8983
11147
7547
6333
9913
7037
2277
1515
1097
10969
14107
2159
12410
10625
3335
16480
9549
5972
3256
6049
3753
5646
14774
12663
13269
2104
5071
14430
7959
8738
13382
927
13898
12140
7166
376
9364
13276
1640
2036
7118
11034
15381
1789
3161
15033
4853
11573
6510
5093
11935
14539
921
16331
9440
11153
15288
2791
3273
6060
3492
5537
15365
2699
12747
11643
1726
12566
13669
6475
974
15526
14605
6543
71
5615
12760
3589
8093
11688
3293
12589
8995
16215
1025
10826
5440
9056
15343
6628
16489
9449
12518
13742
696
14013
14546
15136
5697
10540
7214
16367
16510
1612
10963
4533
1560
9922
832
1452
72
10574
773
13120
4103
8709
15724
5082
10435
14230
15080
10546
2857
14671
11389
3455
13227
462
11866
14462
9266
13841
10685
779
11629
5527
6846
5815
4618
6721
10418
1050
16177
9840
16206
1338
66
2192
15969
12484
4562
5690
12356
5406
4743
4994
6392
16579
4950
6254
8933
12775
16014
16559
4677
14299
4158
218
2583
911
1154
2830
12019
7607
5941
6175
13533
13416
5940
3090
11173
15543
11609
5121
15815
1464
1623
5740
13748
15894
1255
16140
14924
15200
3403
3652
2105
41
7274
12897
14287
10219
9743
5355
15604
6944
4733
14165
14504
11991
13106
8209
4973
7973
6166
13079
10812
8718
7191
4852
434
14659
8904
13430
7124
15519
6571
9820
5092
12774
16633
12708
4912
4212
1453
5763
9029
11520
4464
14696
3170
6387
1812
419
7996
14918
13510
6574
6375
11270
14627
3915
5936
15104
9639
5770
10762
13442
4740
6215
1200
2680
4333
2716
2227
12239
1341
3342
9011
6469
5917
4669
1843
15554
13964
4850
3782
784
11064
6738
13025
5108
727
14697
2996
3807
5862
5939
1687
659
4490
12012
12822
8290
16084
14652
9923
6486
1947
10424
12003
13920
12989
2369
3128
4054
7781
8879
9684
46
12014
5859
13874
7886
311
16414
9595
2082
14133
8509
7711
326
13001
1455
2212
5233
12754
9751
13198
7330
16357
160
16453
13030
3653
10372
13172
15696
4161
6534
11250
3571
5783
14389
8577
3550
7612
1617
15417
10598
9894
7620
12501
14744
13865
8473
12644
16156
432
668
1032
8771
652
5329
4326
13219
14175
8511
5421
15229
11972
7292
16295
7692
7331
4382
12238
5628
5492
12770
9687
8729
1496
12506
6336
4759
15882
2023
14038
15970
16621
11829
7655
13876
11528
4805
16111
2658
1562
7244
1125
10914
15838
9441
16173
11076
12648
12133
9659
4249
11392
11323
13086
1458
1272
16191
823
5188
10118
5888
12573
16274
366
15978
10946
3460
10045
7197
256
12892
11448
11049
4760
13771
4401
9841
9747
15117
6466
155
8494
2092
10603
114
14292
12739
5369
10281
7451
6875
2182
13362
491
2215
1888
2751
1250
16096
1770
4046
15520
8354
15806
14843
4949
13681
2918
12102
3723
4068
14093
8975
11877
13074
16376
3479
1378
846
14081
755
15701
6467
235
12503
10416
5414
13739
3711
15445
10912
7399
12872
10161
9574
10873
3506
10979
2691
11009
733
689
2579
5246
5893
15065
8176
6241
10614
13049
11050
6135
917
3193
10706
1779
9202
12786
13589
15031
1701
4953
16044
1938
10885
14255
678
10046
4804
13462
16320
16035
4145
5933
4264
13629
6777
859
2076
12500
15213
11285
6968
15639
1878
9693
6569
8942
10662
5385
4515
6785
7131
6005
3521
14819
13871
15452
12173
763
2492
2763
9783
387
6733
7771
4693
14071
9546
8351
1743
14128
1813
1944
9402
8132
9161
2911
8584
13388
7616
10568
14234
6824
10379
10786
6503
8101
3927
9251
8732
12015
10027
12928
13621
15467
4199
11971
4134
13558
13449
6473
8247
1358
3222
15047
14518
10728
6150
14090
10317
16533
15308
12132
7603
12254
171
8031
11753
15010
14000
3878
6615
14867
1547
1551
201
10388
13013
14998
14615
11699
12321
16504
13965
12735
11534
9778
13210
9936
13246
9020
10837
15689
15368
5042
1191
1791
5005
6986
11636
12405
83
9847
7664
14746
7489
3629
9538
5530
16371
14070
8167
13375
8207
5003
16167
5177
4753
1199
11417
15567
1712
16237
7804
12826
14240
7961
10788
4373
6836
3379
16495
1039
11487
774
10232
2410
14982
11040
6116
10639
1749
11559
11975
8449
10629
10442
4303
14978
16468
254
11805
3529
4564
7253
12311
6582
2510
8759
13734
3409
2519
8583
15397
15463
8795
9479
15396
14487
13567
8064
10223
10833
3656
4536
8425
429
5183
12118
729
14342
5364
199
14503
13935
8163
16337
2665
10461
6667
12778
5064
14311
16065
14686
16163
14645
4775
13796
8648
9234
9880
9471
11248
3204
11721
1331
14139
237
8979
8485
12536
4433
2793
3616
13544
10519
3155
2388
7986
1101
13756
7262
12583
8508
15677
11867
1922
5151
9032
80
14247
5553
10113
13410
3084
1036
12345
1971
943
15507
14850
12992
7619
10357
11430
3752
13566
13156
7117
11984
12242
14080
5970
2079
13146
997
3516
15022
8551
9898
8323
13045
13790
1222
10034
2043
8276
16586
8087
4670
4393
3012
6138
14949
4383
9756
1543
1556
3129
10948
982
16467
1041
11572
2556
14636
15062
12896
4241
1469
5384
9248
6414
10347
13054
15937
395
15017
13231
4352
13546
4250
16549
10655
14633
7824
10130
14241
1345
3613
5060
5506
7051
6516
15979
4516
12269
12240
8260
13907
6100
5433
6282
2448
3536
289
11347
10146
1166
5751
1010
9637
2402
6572
12158
13318
13814
2516
15032
16642
5094
14307
1131
6957
4060
5449
967
4449
3776
7663
15492
10177
2959
11260
11657
6675
8268
3104
10188
6463
10916
12794
13472
9472
11988
1765
4794
10458
15681
11011
2108
15174
5835
9760
8676
11538
11232
12274
8420
6236
10590
13377
16464
7926
3009
12659
58
9421
3940
16155
8913
11647
11602
7241
6108
2963
10641
12148
15947
4350
15462
10080
10462
1446
8900
7984
9562
6118
4839
8515
12009
14825
14455
5743
9943
6083
2160
2157
7006
12368
2314
15612
3102
5012
325
11509
3076
528
4540
14732
198
14700
4328
5599
7347
4197
4372
16422
5208
9310
4525
5424
8522
8523
14131
9999
6718
14193
5916
6588
3154
3156
4931
13695
15290
602
7155
14205
8708
8614
15486
14560
11056
14703
13076
12128
11256
12470
5490
2937
8044
925
6585
10513
15822
4409
9498
12370
1264
8007
5502
1630
16450
3695
15996
5040
536
7464
2841
8790
1037
11886
4506
4176
14256
2133
1067
16220
10132
479
1787
5237
15393
5623
12750
5548
7848
11106
7127
8460
15364
11225
5565
4995
12627
141
9349
5319
14220
5729
11185
1683
6855
6092
11000
14927
1318
12398
15040
1307
15244
6604
13331
14250
1557
16024
11055
14685
2853
1096
7036
10945
508
15116
3949
14009
4097
7107
4772
8345
3488
10722
13614
13812
4890
8463
786
11197
9086
15225
2127
14423
6533
7701
5197
9381
10504
13047
9267
15922
15687
3637
3889
12247
8872
15266
5588
2326
12694
2933
11796
4179
4940
16598
3587
9838
1092
2261
5969
13716
12279
7610
410
10761
14149
14586
8741
13082
13247
8148
7688
14233
4314
5766
6536
4029
3032
3898
13500
3830
2356
3210
15058
3996
4486
6685
9864
3081
11539
11949
4644
1404
1393
506
13986
36
15337
15824
1545
4389
251
6030
5872
2938
14354
6074
8342
8819
13954
15471
7903
6693
6883
9978
324
4012
367
5596
14516
5261
7557
3247
6595
23
11611
13264
5000
674
1454
13251
4125
16328
6384
2876
2659
10860
6618
9792
13799
13017
15548
15050
8221
1419
10202
15284
11362
8777
8589
2644
16049
472
3905
13073
2687
4614
4337
5983
2513
13502
3781
12144
12485
7443
5009
2990
10332
7501
6637
775
13539
11272
5176
3617
430
5447
13597
8804
4067
1107
8201
11637
2639
8398
2246
6772
16540
12049
4659
3426
16045
7043
13327
7940
3034
16546
16300
11228
16627
3417
12413
7200
2758
3208
11944
5119
5757
4982
6370
13162
337
9493
2907
1917
3038
5746
7629
16522
10525
400
10114
11281
14493
8916
2053
5801
13118
13821
8857
3900
6640
10682
5671
2367
6916
12746
3789
3226
7479
4118
11843
4426
12513
14882
499
619
11189
8588
16066
14108
5085
1909
2887
14121
10642
8746
5833
2253
7186
7348
7791
15446
16364
15493
6190
14758
1786
1807
6355
11264
40
12713
4422
8601
11298
11161
9303
3467
142
8140
14127
3347
13383
1575
1527
15190
13309
11468
14163
8353
11523
5225
9916
13535
13393
3453
14055
9695
14210
4903
11137
1521
12138
146
5423
4341
15796
14150
14242
3106
14751
8526
9350
4043
4353
5707
3474
5194
3891
12481
9675
315
8114
7613
15652
4979
13152
3931
16580
1950
1429
3745
6594
6278
11598
4752
12560
6434
11234
13038
14052
13019
6807
2590
11923
7498
10028
16404
4386
7056
13877
2280
10609
11216
6393
99
2991
6431
14583
14582
8215
12787
4048
8356
2322
8069
535
12672
11317
8502
2400
3802
9399
16348
9671
15758
14521
3086
15723
2173
207
9444
14559
12029
5278
4901
16042
13586
14016
12818
14353
16097
6801
6531
6610
11478
13851
4364
3760
6453
1
6421
2738
7583
10017
14303
6766
5417
863
9391
6653
15579
12441
9742
10197
13591
4440
1798
5466
7914
10588
14780
542
14566
13305
15477
13976
5022
7456
15472
11670
9356
9719
10847
11010
6290
3394
16047
11364
7988
11913
8754
10091
2993
15392
13112
8914
9358
14966
4767
2293
7669
14279
15571
6214
9075
12451
11685
11627
12181
1136
5564
2831
15052
9741
13497
5765
2746
11192
10475
11782
10606
10792
1135
13070
5192
8488
13683
6479
8880
16151
8719
13857
5021
6020
5794
1291
11058
2641
12571
5256
3162
11245
6115
7683
14326
8311
2454
6976
6627
14663
3005
15627
12677
11423
4478
4882
10867
11776
8073
13741
15605
5029
7615
12757
14597
7213
13915
13012
12399
1441
15512
9127
7318
115
10493
6575
13819
7901
13583
5536
11326
404
4972
2005
1523
15168
9565
9883
1555
10896
10772
4432
13183
14668
15109
842
390
14841
3482
3124
4662
7095
5779
15448
11204
13676
427
11999
3737
12329
10265
11421
3958
1826
8441
12724
7780
15693
9302
12024
10349
6998
6841
9064
7011
6415
3631
4685
1476
8549
8410
10117
11379
2845
15932
15301
13299
5494
14619
14537
2740
3627
9738
7919
2823
4668
2231
12253
4643
15531
8888
11760
1178
13724
8415
9941
12353
517
8214
2925
15002
14110
15073
10961
901
3192
12395
15297
9872
12218
14443
7346
15587
13867
7539
1781
12101
16378
12060
16374
12456
4489
582
6237
14431
3070
151
8104
1298
257
7564
11211
3980
3678
5101
13587
1243
12752
8318
16204
12030
11410
12780
6051
5741
6455
7710
14710
13634
14049
3596
2806
1583
10647
15009
11299
16226
9910
8067
7542
11443
12392
14562
3930
7882
15903
8027
9799
7524
7235
4625
5363
1435
7768
14212
5905
13854
14722
9862
15304
8831
2828
8784
10594
5361
2447
14530
7418
2760
255
8018
3779
12025
7296
534
13884
8623
9843
7587
16590
6816
8972
4151
431
6073
10465
15588
15738
8
9392
2252
15298
11847
147
10185
6641
11220
2061
14899
5605
3085
2075
10636
12408
6202
12730
7720
9147
7072
12534
2597
4954
11291
9837
13910
11342
4648
9163
2483
595
12700
7210
15879
15238
14101
15119
5066
15671
8286
11894
4476
13559
6419
12985
1774
11198
12271
10354
9925
11041
3173
6435
8434
15533
16318
14902
1352
15762
10576
15195
12322
12701
14474
10120
2821
11547
9810
13486
1205
6373
1303
3001
5179
8170
2235
6562
11809
10713
5511
14589
3215
6101
5563
4649
15518
2660
3323
15851
8242
3963
8001
7855
5485
2353
8513
12084
8135
1912
16338
2137
3317
7421
4302
10593
2664
544
5401
7450
13826
8424
16186
5980
8695
12385
10477
13793
7844
13722
5847
12738
9470
11927
9772
1915
10413
5864
7
4676
2468
3024
11312
11799
7313
2723
7156
5582
7921
15963
15847
5896
6602
6339
1902
8527
7395
10381
13648
3377
8944
9417
16202
6451
4102
2840
3
16263
1402
7102
16631
9505
15622
15021
15517
7075
8706
1984
13055
15538
7493
12820
15756
3074
7133
13134
14364
15305
5471
14995
1000
9616
471
14928
7719
6677
8330
11001
1385
4146
11682
14187
9049
8047
8518
734
1340
5519
14719
16171
1089
10810
6130
7522
1889
5570
10212
13487
3809
2531
2808
9128
2570
10440
16258
7595
9625
7970
1764
655
790
14352
12973
9372
5499
12707
14734
12137
9593
8617
3507
13256
14596
9332
9555
7425
3449
3535
6086
12837
2983
5708
15802
9418
14025
12189
12835
8227
6238
16435
3201
6113
15197
7429
7648
14363
7788
14153
7013
11292
7637
2422
11900
9088
11483
9216
1305
10240
10339
1666
11142
352
12350
13102
306
16197
6959
4387
3121
8498
11677
15123
848
2320
9327
1993
12165
1324
7841
6195
12459
12288
14900
5435
3998
14601
16221
1406
1230
14338
6797
14765
9141
8649
7814
5914
1056
5701
15511
5308
10060
12704
12690
9255
15709
12999
11981
4113
12378
9066
4603
13701
9937
12199
9078
13179
7065
2385
6178
2451
4544
1934
394
16026
676
8379
11284
664
4686
16553
7196
3393
4756
1569
8061
12276
13886
9073
14058
567
12478
11482
11848
7913
12801
4702
7778
6707
10150
12152
15795
3970
3607
14291
10759
8026
5515
8490
12383
13736
705
7558
14382
2573
6446
8321
13831
15001
9111
2950
2025
13342
937
11420
2816
3546
13883
2795
2250
693
11700
14454
15735
531
4965
10410
2892
1828
15042
10069
6407
10129
8066
8389
8787
12918
6714
8185
9911
6906
8898
8223
8993
3995
12455
10466
