1967
3118
9284
11304
4832
2875
14207
5690
4501
8985
13079
12396
484
11270
2014
6954
16262
5212
12824
1920
1599
11705
8851
3400
6726
610
13482
9379
13032
9326
3431
13998
16067
14866
10200
16603
15539
9182
10904
2528
5355
7078
3582
12269
2360
8556
274
10564
15867
9583
10289
2817
6866
9382
15439
9543
2065
5783
5184
13844
14709
13676
2208
6218
5797
8031
14967
13625
16273
1663
5979
3323
4108
16234
10150
15905
8195
4804
9075
7255
8499
14090
1326
4473
352
2310
3549
1574
6580
13801
12677
14533
6346
8263
15852
13790
10801
16311
11070
11830
6741
4649
13817
15246
1251
8471
9229
1146
9548
168
3980
9636
7217
12091
2099
14255
7944
13644
11788
4779
4761
5577
7116
2537
5190
8344
15883
7980
5480
572
8624
1576
15581
11062
6292
5515
2334
5993
9368
13811
8652
11711
15451
13383
8634
4423
31
10569
465
4805
5120
11530
723
12258
2686
12756
14532
8152
13581
10649
14095
2546
16606
11822
4633
15943
8829
4597
8012
944
12412
1833
10749
1370
10396
12888
11004
9901
15036
16430
1335
14033
6702
10744
8104
9366
6740
7443
583
1288
1262
4046
8056
16426
936
16619
3816
6573
2053
11579
3299
8051
5512
10129
15725
1963
5866
16599
9614
14780
2046
3933
2695
251
16315
15909
3164
11940
13799
16025
6312
16389
15156
10319
8855
14961
1048
14116
6110
5513
9818
1473
7292
15473
8786
9521
6905
10394
11631
1448
16214
14609
13310
5735
11224
10941
5740
11624
3045
6878
2119
15351
12234
10061
5754
11697
1713
7939
581
10940
12266
1718
13190
11149
11564
4244
15195
5385
8560
1583
7538
14092
13914
13857
8637
312
15644
4032
7483
9432
6008
8487
11366
13580
11634
1176
4071
9915
5060
6397
599
8810
1784
4147
15702
1189
9749
8105
1359
8149
3742
16600
5405
8417
5642
13445
11375
6939
13972
14104
5378
16104
12651
16436
1343
4209
5875
15999
12379
4470
10175
8676
9011
13946
145
11307
5081
580
10956
7183
12305
6026
3502
6616
4705
988
10851
12967
7943
6986
12803
8237
4519
5169
54
642
10919
3360
3312
11252
9834
12701
2846
1315
3988
12422
16200
455
4912
9633
6853
2009
9619
9196
5191
16192
7612
57
11540
16291
9763
10584
9235
11025
10170
4198
6885
4014
1186
14034
10364
5982
12607
6169
8399
7453
11154
15531
3710
11903
1382
6658
12960
14176
7379
16202
13294
15339
16568
15682
7286
6929
5811
15389
2687
11210
3094
287
14730
3702
1445
13053
13358
4639
157
480
10807
10835
8249
12754
3021
7842
11463
10629
5395
4293
15910
15096
773
6468
16288
7277
15661
15041
6197
10684
3607
8541
1414
499
14249
7150
7640
5986
13446
14521
12529
5322
7555
6036
3683
2370
10753
10899
10712
1173
11918
13959
5894
15007
15149
4978
917
14949
10187
8892
8131
1165
16583
3716
1773
12052
6894
5578
1222
12135
5523
1378
16417
16165
7380
8551
15396
8084
7802
6024
14974
1230
11285
16233
89
10482
5834
2453
5360
5259
357
6879
11213
10055
14908
983
7677
8483
5649
11478
296
11979
1371
6662
3327
4031
310
12991
946
5024
15437
6476
13949
5002
9826
16334
98
7794
13033
10261
2388
300
15554
14680
1462
7193
13251
2553
7011
12438
7448
8835
3297
10880
650
12097
541
6590
8346
6499
2168
13091
618
13685
2462
426
1289
138
14156
12460
7424
15385
7952
6246
5102
383
15906
2211
12187
11119
13115
9871
13506
11396
872
16428
10374
15033
14873
11994
16266
12264
554
16467
3099
1778
13031
12900
15952
6321
13923
8486
11944
179
4162
3439
13059
2257
14018
3920
1871
5457
11076
2765
5572
13486
2776
6934
13847
9605
4607
4017
546
8711
2839
15589
14599
10503
9700
10590
10726
14766
11066
12869
8390
12940
4200
3413
3322
10021
11817
12897
11673
16270
8918
4842
7995
1775
743
12591
3245
4952
14133
13138
16230
9192
579
7736
11234
8599
6232
13766
12595
11041
5908
8770
7568
6150
14753
8898
14261
6467
330
15317
6779
14386
2407
1040
1387
6168
5669
16300
14592
12452
2096
16330
14463
12757
16340
9188
15769
16577
7932
4458
15797
13266
9564
2560
11509
11196
7408
483
3788
11037
14963
2819
9357
12172
14426
7092
6508
10957
1614
4876
9685
8703
11185
9245
4072
7832
15233
16251
13840
10917
3376
3692
15743
13977
14618
11851
8347
659
8977
6763
6633
210
7261
9170
2447
16253
10533
1199
8870
8595
8386
13068
3639
14872
12154
14672
1724
10761
14038
6102
14456
3351
486
1306
12365
12465
7755
6694
2621
2349
7018
835
10861
11077
11661
10630
3815
12672
13018
9771
16641
11221
13980
11766
16520
8717
14327
11187
12528
12843
14429
13225
8182
12737
12631
6982
2420
5927
12597
3681
16437
13872
1970
14083
8150
2061
6166
10550
6317
14511
6381
6042
8921
3374
5270
1529
5576
14368
12476
8708
14265
9911
2700
690
4948
14979
13485
204
12613
4314
10515
4981
860
6874
7451
6944
9622
14243
9106
5929
4130
10677
4820
2441
12102
15185
1177
6696
10963
12280
12031
15722
3270
953
8666
9648
5368
11658
614
4205
6860
10189
9051
6568
15703
13516
7666
2759
3292
3004
12990
15002
13921
5736
11832
14712
6121
10724
5032
14694
2220
2007
14225
10173
1671
928
4961
10759
1960
6971
9766
10355
11586
873
12681
279
8027
7961
605
3610
3754
15119
10526
5225
14869
7119
2293
13369
1883
233
11127
8820
13203
3564
13762
10491
2658
13305
3545
10959
8635
11627
14259
5409
12862
12758
14111
9553
6245
6423
1555
3675
8678
11023
7925
11874
10683
10638
3940
708
3994
13136
7012
9299
11688
6078
10829
5501
1255
15115
2321
7251
13804
3673
4190
5208
15447
15391
5204
13322
8561
1450
13292
4887
6018
731
9298
6567
15855
7284
15114
10732
862
15667
11453
4067
4214
12125
127
1399
7432
421
5435
5589
10112
6117
3468
14360
8735
1101
14897
15377
8903
5880
29
8161
6171
11058
164
225
12443
2920
16592
10451
3147
12696
14310
4881
13073
66
13781
13100
2777
2260
2705
3339
4833
5297
1581
5779
2828
1194
16206
2963
7369
7254
1762
13052
4960
14478
13649
879
11131
2675
3986
11321
15434
10433
14269
2643
3567
5202
5491
1512
9942
8216
2605
3485
10722
10011
4478
15885
10663
4951
6420
10558
10452
9659
14437
15694
13887
3332
8714
9662
9730
4868
14013
8875
4743
9545
14850
3553
14768
9876
9981
5216
809
12947
11563
3718
7447
6037
12979
15143
14899
12389
1976
15510
7991
11297
10821
4239
14976
926
732
5109
5461
3350
10214
7742
10025
7586
14029
566
10262
15184
5728
7123
5673
10690
7644
3154
4019
9494
16167
15482
2970
14575
5495
10824
12270
1674
7169
7114
3378
8824
12688
16556
14276
13420
15896
6348
3658
4776
15331
8367
15075
2045
16261
3430
11353
281
4362
12356
8831
6945
6061
4148
3182
3184
6848
11704
8907
10421
7493
5861
3434
10337
10386
2233
12262
7641
8176
4929
966
16080
14452
344
4548
778
5553
6852
1558
1349
8997
5159
15774
3915
2948
10346
1683
14759
16644
7013
6706
6208
1810
14411
14277
14845
12921
11336
283
1721
1022
13289
11718
10600
14925
15102
4366
12984
8853
2124
75
2887
7608
10132
7143
2798
3691
8627
487
7327
8675
9755
5454
14015
4113
6322
13517
2763
5848
5918
16532
2402
7862
16149
15960
631
10268
9879
15134
1854
13235
13555
14708
1087
7091
12530
10836
1118
5881
11840
7818
8785
16081
4320
11804
2160
6096
8817
13746
1734
3008
545
3838
14749
9909
8057
366
4238
5626
8455
2069
8964
12761
1257
15647
10450
12468
12781
3365
8686
7196
14425
14324
10037
11454
7580
9394
13227
9377
4847
5531
6737
13117
8531
855
4047
7905
101
12609
8039
8095
4380
10713
14677
10380
8529
4896
8991
12881
767
16073
10207
13973
7914
5363
9556
15512
8578
5411
12414
2111
10404
135
11207
15501
387
7676
13489
12807
6612
2946
13418
6671
3072
4020
10989
12121
12557
9968
9300
10348
14342
9872
14210
8318
16584
14409
3473
5593
10373
14397
9365
10336
7452
14516
9390
7225
3056
4709
84
1817
5907
13156
3397
6513
7345
5014
8966
9291
10467
15949
14750
1148
6174
5203
9162
63
1415
2499
8115
15511
1908
12573
6041
5912
1356
12534
786
2319
10944
7223
12644
1120
10075
398
6725
12145
3684
12605
8600
14143
6700
8364
3974
4100
14063
13843
13209
9123
3589
2263
4360
12026
4848
16369
1465
13271
1405
4400
5850
3356
15624
3250
1863
14693
11212
1586
3559
9172
9759
7142
12980
7333
15034
5720
13205
12868
6441
12679
7684
6593
3634
10024
11476
3398
10985
16358
14549
209
582
5112
15837
16416
7484
11499
8491
9721
5452
5869
4738
12185
14007
8572
15989
14212
4895
6384
13825
14878
19
16130
10469
7618
5397
12676
12313
16034
15364
14877
16000
7089
5004
1606
16048
3857
11747
7690
14505
14372
11713
3616
10498
7707
3036
9416
8619
12602
2837
9609
13749
12531
4714
7158
10711
6409
13770
7110
12639
12751
8007
653
11518
14789
1732
14537
3298
882
11232
10322
12835
13865
4496
11208
13532
9851
13892
10953
14785
6605
15684
1928
6748
5868
9404
2892
6260
6876
717
5587
3337
7997
6811
12036
7436
8503
622
8387
16223
7700
11006
14855
9734
13524
3133
3577
12204
14986
13838
14809
7024
5660
16571
3140
3679
3909
11498
8568
1111
9021
8690
10393
9005
1178
15479
6728
3017
12447
11684
9153
9249
9335
7285
13831
2121
9426
3685
5440
2328
15958
1347
7198
16328
13314
353
9144
13382
9168
15265
16143
16182
15432
16463
15488
13990
7376
11638
14791
356
6309
1503
170
3148
942
15932
5410
7912
13541
14290
5021
99
14660
15318
15904
14273
4161
5095
7073
13961
6953
15263
131
2743
13014
5337
10921
5903
16579
6149
3516
14065
8016
5791
15988
11130
7613
8838
2548
8116
11645
14464
2869
10456
16119
14865
14790
7694
9297
6569
9506
6032
10070
475
12615
8895
6336
5888
8761
8669
6383
7938
5418
7569
16565
1344
7513
11589
6497
2509
15984
1264
9602
4551
2697
9312
1995
3669
15815
6617
322
7929
1069
14674
12241
15568
3384
12010
4973
9441
6359
16508
413
15077
4932
16585
15778
16008
15665
6562
727
14098
13729
13040
14781
14661
12954
11402
12078
11345
2535
3892
9303
2921
14211
14201
6554
8995
1475
12993
1846
6686
16431
2519
3712
15076
3103
4134
14715
12330
6629
15617
3958
4040
12088
9581
1783
11356
6785
3653
5798
12249
5489
13478
14004
3584
6424
14293
7754
7464
7971
2423
11557
6570
12743
4258
11143
12383
15587
7004
16138
511
9433
10215
15183
12692
10778
12482
8823
9324
9710
15399
3743
14085
7138
10910
2371
4234
14160
4337
13462
4527
15159
13063
15877
9328
13613
1034
16563
6147
1857
13671
14378
1207
16327
3375
13686
12380
6286
12927
1430
6517
10038
3222
8470
8744
174
13736
6647
3189
1375
9077
11486
10933
12524
15627
13016
2221
13680
9572
9754
14924
4021
12230
755
10010
8559
5890
1639
15035
13195
10440
38
5280
12625
15052
2030
14414
10999
12376
12713
509
13756
1772
495
5864
2545
5037
14460
2698
8233
13931
7278
12735
8265
11573
4101
3799
4717
15604
5923
12279
9537
7788
13621
16216
13584
16502
8457
3223
9562
9331
110
10492
9244
9160
748
2742
14557
15902
8670
6531
5552
16094
2794
11510
2769
6883
7651
15954
2338
3672
9454
600
235
8163
3919
6505
10429
16503
6559
16510
14365
7620
735
9072
8074
15084
15244
1598
4099
3019
10197
9746
12139
16029
11787
1088
3949
15321
2520
703
4637
261
14485
1065
8432
15615
16181
15112
5679
1880
14050
11082
9617
13216
6473
13630
212
3418
802
8573
10208
11647
7413
13388
4004
8467
2082
2197
15584
10843
11990
6778
13317
2071
6395
11393
4141
9313
2612
16408
3619
8654
4044
5788
2001
2755
2562
13429
272
4753
12318
2054
15658
12818
13960
6344
12905
9237
7566
1801
8604
784
11175
3192
7648
6456
13210
3514
943
505
13809
13547
12816
3519
2394
15380
88
4157
14077
8504
8698
5227
7275
13608
814
5398
11548
1947
1566
16512
9038
13776
2201
11470
11562
8726
12574
7767
9568
15756
14747
11301
12144
15464
13105
13466
4902
7977
6536
15787
7739
4341
2747
9496
14783
4699
5082
10656
6540
14752
180
12509
14806
3544
4122
3904
11427
13110
1680
8583
464
9395
10582
10267
14384
13224
5498
118
7632
3274
8441
14623
9608
1532
2589
12768
730
3051
1429
952
9054
8564
13427
715
6201
3529
5122
3055
14800
4940
4144
5710
432
10425
2733
14321
16494
12972
3135
9316
2983
1143
7737
15370
3095
4793
7527
6220
15329
9807
7048
6782
14722
5168
12449
4654
6099
14326
4968
12349
13588
4330
1543
10693
1162
11731
396
15899
3656
15358
1145
11033
10895
15128
15543
9959
11034
4213
4733
10790
8001
15438
1794
4992
2149
1267
14498
12218
3722
7462
7996
11051
8447
13440
951
3348
6089
14523
13850
14216
271
15202
5667
13127
12604
4413
2379
5048
6526
1331
12899
16060
3275
13051
14945
8030
14333
15001
2550
7034
8320
16083
2017
7893
15831
8581
2858
3281
7132
6390
13883
15105
1953
6502
7811
5508
8232
9750
16517
16318
8155
11726
10528
10588
5025
2193
5793
12727
9306
16423
6527
611
3497
2342
6387
6192
7159
9722
12068
2670
5035
8042
4520
14804
7570
15508
10209
5394
6213
8079
11337
3377
10190
294
12007
6154
3644
1409
3219
10445
13688
13279
1895
13332
1903
13101
5237
11260
6938
14155
5960
3218
5477
12629
6875
5506
7667
5181
11430
15872
358
11481
4587
6043
6597
7077
4585
7314
1615
12202
10001
13457
1313
11829
14700
5991
8229
2008
11168
552
4807
6656
8576
496
12950
14387
2434
7242
5937
7789
9740
6439
14603
1689
6520
3632
14829
10969
6498
16550
14489
1828
11192
13253
6745
10166
12416
14487
376
969
393
1244
6394
331
6177
3810
12653
14027
9420
5272
13058
10559
12450
1213
12632
14299
7704
15155
15980
